21fc80 2 4 16 -1
21fc84 0 -1 4 0
21fc8c 2 2 28 -1
21fc90 2 3 16 -1
21fc94 0 -1 16 2
21fc98 0 -1 3 0
21fcc0 0 2 16 -1
21fcc4 0 2 2 -1
21fcc8 0 -1 2 0
21fcd8 0 2 0 -1
21fcdc 0 -1 16 0
21fce0 0 -1 16 0
21fce4 0 -1 16 0
21fce8 0 -1 16 2
21fcec 0 -1 28 16
21fcf0 2 31 29 -1
21fcf4 2 16 29 -1
21fcf8 0 29 29 -1
21fcfc 0 -1 31 -1
21fc8c 2 2 28 -1
21fc90 2 3 16 -1
21fc94 0 -1 16 2
21fc98 0 -1 3 0
21fcc0 0 2 16 -1
21fcc4 0 2 2 -1
21fcc8 0 -1 2 0
21fcd8 0 2 0 -1
21fcdc 0 -1 16 0
21fce0 0 -1 16 0
21fce4 0 -1 16 0
